36 41 0.05329
53 145 0.06902
87 130 0.03684
209 211 0.01269
136 234 0.03185
50 185 0.05942
61 87 0.05163
119 145 0.05361
176 191 0.02089
23 58 0.07072
11 82 0.03687
118 124 0.063
177 186 0.03537
74 215 0.04643
171 238 0.05664
135 141 0.06693
10 175 0.07429
29 224 0.03477
56 120 0.05027
175 246 0.03569
103 174 0.03708
99 162 0.06455
106 193 0.02119
61 111 0.06739
83 232 0.06812
60 199 0.04868
68 176 0.04396
35 94 0.06254
30 179 0.0657
163 211 0.01708
121 182 0.03939
124 172 0.04713
177 189 0.03512
0 225 0.02383
165 180 0.01756
116 164 0.0406
203 249 0.04148
91 137 0.01061
78 239 0.02065
9 23 0.03526
4 78 0.02559
76 95 0.0737
114 222 0.0206
27 240 0.06581
58 68 0.04795
45 83 0.02906
30 244 0.01475
34 73 0.01812
25 60 0.03405
148 157 0.01712
109 215 0.06179
144 248 0.01527
228 241 0.01473
21 233 0.04409
66 206 0.05154
1 107 0.07484
113 223 0.04665
39 66 0.0559
49 97 0.03121
122 205 0.00647
4 55 0.06425
131 143 0.05854
53 120 0.02782
21 71 0.03782
72 189 0.03706
94 141 0.0807
59 97 0.06442
11 152 0.0414
156 205 0.05088
89 194 0.0511
69 107 0.0564
210 219 0.03728
77 138 0.07171
96 199 0.01569
112 159 0.04347
169 186 0.05624
92 235 0.0604
36 88 0.01841
158 223 0.05291
109 137 0.05083
132 235 0.05508
48 232 0.02109
130 194 0.05825
18 86 0.02813
37 76 0.02674
70 79 0.01576
138 240 0.02076
44 49 0.02107
52 187 0.03447
91 218 0.04088
151 208 0.00391
50 59 0.04226
44 204 0.01774
70 179 0.06528
38 126 0.00845
55 112 0.0459
113 198 0.05009
157 181 0.05473
6 129 0.05363
52 208 0.03135
2 86 0.0598
207 212 0.05667
17 170 0.07756
155 213 0.01559
101 139 0.03983
37 153 0.03846
142 213 0.03433
23 33 0.06032
84 174 0.0277
40 164 0.03395
16 117 0.05134
57 197 0.02583
6 236 0.05556
32 187 0.04594
89 127 0.10682
19 70 0.06872
154 238 0.02365
150 220 0.04158
128 239 0.01726
42 135 0.05008
161 186 0.06124
91 146 0.02723
41 182 0.03878
150 189 0.06046
207 221 0.02902
48 216 0.07531
171 235 0.03106
154 245 0.04011
148 230 0.04043
185 248 0.02896
10 123 0.00886
15 211 0.04
8 143 0.07437
5 102 0.03834
65 184 0.0479
110 214 0.0292
29 218 0.02524
40 190 0.03649
136 159 0.0231
134 227 0.03986
62 233 0.03192
90 173 0.06973
93 160 0.0436
67 217 0.04501
71 188 0.03894
49 225 0.03314
1 72 0.06506
9 195 0.04585
21 27 0.01873
129 166 0.03392
140 147 0.04712
93 231 0.03594
156 214 0.03435
69 173 0.05282
40 220 0.0315
17 81 0.05763
77 102 0.02737
153 241 0.04247
101 196 0.03115
200 203 0.05651
105 106 0.01034
28 242 0.02503
108 196 0.03132
64 137 0.03977
63 199 0.01821
3 153 0.04799
42 181 0.06506
54 140 0.02922
14 133 0.06649
170 223 0.03653
156 219 0.00745
155 180 0.03246
2 51 0.05083
22 56 0.01508
124 155 0.01487
202 204 0.04207
6 16 0.04529
25 111 0.05309
17 229 0.06676
20 116 0.02095
190 247 0.0668
19 174 0.01925
65 188 0.03552
80 225 0.05577
87 234 0.08302
171 213 0.06758
30 212 0.03314
43 207 0.02708
47 218 0.02914
12 35 0.06079
148 184 0.03398
201 232 0.03557
168 187 0.0408
103 192 0.04287
81 134 0.04508
158 249 0.05734
11 246 0.06678
7 157 0.00516
103 243 0.05731
121 170 0.03464
176 202 0.04299
119 134 0.04953
8 152 0.00702
24 149 0.02915
52 226 0.02384
7 125 0.02442
104 248 0.0664
207 210 0.03158
86 141 0.0564
99 147 0.03171
16 147 0.07171
5 26 0.03351
83 217 0.03695
28 198 0.00775
13 100 0.0256
12 198 0.05807
13 133 0.06257
19 100 0.06397
82 85 0.04344
37 115 0.01398
24 209 0.02802
72 203 0.0347
46 169 0.06854
122 139 0.01217
75 116 0.02706
118 197 0.06902
102 226 0.07775
31 241 0.07871
42 108 0.06664
168 231 0.00268
57 184 0.03368
58 114 0.01947
167 224 0.07521
22 34 0.03658
75 89 0.03394
104 201 0.02597
38 215 0.0529
63 237 0.04962
39 149 0.05382
160 191 0.0541
178 236 0.02867
183 215 0.03017
98 236 0.04433
146 227 0.0456
3 67 0.09725
163 222 0.05489
131 193 0.01012
133 166 0.06778
8 244 0.02711
